    0.01    -1.2977
    0.03    -1.1765
    0.04    -1.1213
    0.05    -1.0230
    0.07    -1.0113
    0.08    -0.8819
    0.09    -0.8611
    0.11    -0.7571
    0.12    -0.6687
    0.13    -0.6393
    0.15    -0.5324
    0.16    -0.4601
    0.17    -0.4133
    0.19    -0.3271
    0.20    -0.2626
    0.21    -0.1773
    0.23    -0.1122
    0.24    -0.1054
    0.25    -0.0396
    0.27     0.0411
    0.28     0.0850
    0.29     0.1143
    0.31     0.1772
    0.32     0.2312
    0.33     0.3657
    0.35     0.3515
    0.36     0.4165
    0.37     0.4389
    0.39     0.5121
    0.40     0.5577
    0.41     0.6438
    0.43     0.6451
    0.44     0.7404
    0.45     0.7511
    0.47     0.8358
    0.48     0.8139
    0.49     0.8915
    0.51     0.9078
    0.52     0.9480
    0.53     1.0101
    0.55     1.0926
    0.56     1.0810
    0.57     1.1081
    0.59     1.1556
    0.60     1.1928
    0.61     1.2556
    0.63     1.2765
    0.64     1.3133
    0.65     1.3664
    0.67     1.3721
    0.68     1.4232
    0.69     1.4991
    0.71     1.4534
    0.72     1.5313
    0.73     1.5649
    0.75     1.5487
    0.76     1.5870
    0.77     1.7032
    0.79     1.7177
    0.80     1.7433
    0.81     1.7807
    0.83     1.7185
    0.84     1.7754
    0.85     1.8418
    0.87     1.8420
    0.88     1.9042
    0.89     1.8875
    0.91     1.9237
    0.92     1.9899
    0.93     1.9605
    0.95     2.0028
    0.96     2.0110
    0.97     2.1165
    0.99     2.0973
    1.00     2.1055